*   38.247000000, 114.348400000,    200.0000,6,1.3365,1.2558,1.8340,1.9810,-96.9541
0,1,   1100.4699,-97.2295
0,2,   1178.4501,-97.8242
0,3,   1023.7740,-96.6020
0,4,   1146.3038,-97.5839
0,5,    941.8541,-95.8776
0,6,   1024.3914,-96.6072
*   38.247000000, 114.348500000,    200.0000,6,1.3359,1.2529,1.8315,1.9786,-96.9565
0,1,   1100.1349,-97.2268
0,2,   1172.5512,-97.7806
0,3,   1015.9791,-96.5356
0,4,   1145.9822,-97.5815
0,5,    949.4810,-95.9477
0,6,   1031.4082,-96.6665
*   38.247000000, 114.348600000,    200.0000,6,1.3353,1.2500,1.8291,1.9763,-96.9589
0,1,   1099.8695,-97.2248
0,2,   1166.6882,-97.7370
0,3,   1008.2000,-96.4689
0,4,   1145.7273,-97.5796
0,5,    957.1272,-96.0173
0,6,   1038.4514,-96.7257
*   38.247000000, 114.348700000,    200.0000,6,1.3349,1.2471,1.8268,1.9740,-96.9613
0,1,   1099.6737,-97.2232
0,2,   1160.8616,-97.6935
0,3,   1000.4370,-96.4017
0,4,   1145.5393,-97.5781
0,5,    964.7923,-96.0866
0,6,   1045.5204,-96.7846
*   38.247000000, 114.348800000,    200.0000,6,1.3345,1.2442,1.8245,1.9719,-96.9638
0,1,   1099.5476,-97.2222
0,2,   1155.0720,-97.6501
0,3,    992.6905,-96.3342
0,4,   1145.4182,-97.5772
0,5,    972.4757,-96.1555
0,6,   1052.6148,-96.8433
*   38.247000000, 114.348900000,    200.0000,6,1.3342,1.2413,1.8224,1.9698,-96.9662
0,1,   1099.4911,-97.2218
0,2,   1149.3199,-97.6067
0,3,    984.9609,-96.2663
0,4,   1145.3640,-97.5768
0,5,    980.1772,-96.2240
0,6,   1059.7340,-96.9019
*   38.247000000, 114.349000000,    200.0000,6,1.3340,1.2385,1.8203,1.9679,-96.9688
0,1,   1099.5044,-97.2219
0,2,   1143.6059,-97.5635
0,3,    977.2485,-96.1980
0,4,   1145.3767,-97.5769
0,5,    987.8961,-96.2922
0,6,   1066.8775,-96.9602
*   38.247000000, 114.349100000,    200.0000,6,1.3339,1.2356,1.8182,1.9660,-96.9713
0,1,   1099.5873,-97.2225
0,2,   1137.9305,-97.5202
0,3,    969.5539,-96.1294
0,4,   1145.4563,-97.5775
0,5,    995.6322,-96.3599
0,6,   1074.0448,-97.0184
*   38.247000000, 114.349200000,    200.0000,6,1.3339,1.2328,1.8163,1.9642,-96.9739
0,1,   1099.7399,-97.2237
0,2,   1132.2943,-97.4771
0,3,    961.8774,-96.0603
0,4,   1145.6029,-97.5786
0,5,   1003.3850,-96.4273
0,6,   1081.2355,-97.0763
*   38.247000000, 114.349300000,    200.0000,6,1.3339,1.2300,1.8145,1.9625,-96.9765
0,1,   1099.9622,-97.2255
0,2,   1126.6980,-97.4341
0,3,    954.2194,-95.9909
0,4,   1145.8163,-97.5802
0,5,   1011.1542,-96.4943
0,6,   1088.4491,-97.1341
*   38.247000000, 114.349400000,    200.0000,6,1.3341,1.2272,1.8127,1.9609,-96.9791
0,1,   1100.2540,-97.2278
0,2,   1121.1421,-97.3911
0,3,    946.5805,-95.9211
0,4,   1146.0965,-97.5824
0,5,   1018.9393,-96.5609
0,6,   1095.6851,-97.1916
*   38.247100000, 114.348400000,    200.0000,6,1.3413,1.2533,1.8357,1.9822,-96.9442
0,1,   1089.5663,-97.1430
0,2,   1173.6493,-97.7887
0,3,   1028.3653,-96.6409
0,4,   1150.4062,-97.6150
0,5,    946.8428,-95.9235
0,6,   1018.1351,-96.5540
*   38.247100000, 114.348500000,    200.0000,6,1.3406,1.2504,1.8332,1.9798,-96.9466
0,1,   1089.2280,-97.1403
0,2,   1167.7262,-97.7447
0,3,   1020.6055,-96.5751
0,4,   1150.0857,-97.6125
0,5,    954.4299,-95.9928
0,6,   1025.1947,-96.6141
*   38.247100000, 114.348600000,    200.0000,6,1.3400,1.2475,1.8308,1.9775,-96.9490
0,1,   1088.9599,-97.1382
0,2,   1161.8389,-97.7008
0,3,   1012.8619,-96.5089
0,4,   1149.8317,-97.6106
0,5,    962.0368,-96.0618
0,6,   1032.2803,-96.6739
*   38.247100000, 114.348700000,    200.0000,6,1.3395,1.2446,1.8285,1.9753,-96.9515
0,1,   1088.7622,-97.1366
0,2,   1155.9879,-97.6570
0,3,   1005.1350,-96.4424
0,4,   1149.6444,-97.6092
0,5,    969.6630,-96.1303
0,6,   1039.3913,-96.7335
*   38.247100000, 114.348800000,    200.0000,6,1.3391,1.2417,1.8262,1.9731,-96.9540
0,1,   1088.6348,-97.1356
0,2,   1150.1737,-97.6132
0,3,    997.4249,-96.3755
0,4,   1149.5237,-97.6083
0,5,    977.3082,-96.1986
0,6,   1046.5272,-96.7929
*   38.247100000, 114.348900000,    200.0000,6,1.3388,1.2388,1.8240,1.9710,-96.9566
0,1,   1088.5778,-97.1351
0,2,   1144.3970,-97.5695
0,3,    989.7323,-96.3083
0,4,   1149.4697,-97.6079
0,5,    984.9718,-96.2664
0,6,   1053.6875,-96.8522
*   38.247100000, 114.349000000,    200.0000,6,1.3386,1.2359,1.8219,1.9691,-96.9591
0,1,   1088.5911,-97.1352
0,2,   1138.6583,-97.5258
0,3,    982.0575,-96.2407
0,4,   1149.4824,-97.6080
0,5,    992.6534,-96.3339
0,6,   1060.8717,-96.9112
*   38.247100000, 114.349100000,    200.0000,6,1.3385,1.2330,1.8199,1.9672,-96.9617
0,1,   1088.6749,-97.1359
0,2,   1132.9581,-97.4822
0,3,    974.4008,-96.1727
0,4,   1149.5617,-97.6086
0,5,   1000.3527,-96.4010
0,6,   1068.0793,-96.9700
*   38.247100000, 114.349200000,    200.0000,6,1.3385,1.2302,1.8179,1.9654,-96.9644
0,1,   1088.8290,-97.1371
0,2,   1127.2971,-97.4387
0,3,    966.7628,-96.1043
0,4,   1149.7077,-97.6097
0,5,   1008.0692,-96.4677
0,6,   1075.3099,-97.0286
*   38.247100000, 114.349300000,    200.0000,6,1.3386,1.2274,1.8161,1.9637,-96.9670
0,1,   1089.0535,-97.1389
0,2,   1121.6759,-97.3953
0,3,    959.1439,-96.0356
0,4,   1149.9204,-97.6113
0,5,   1015.8026,-96.5341
0,6,   1082.5630,-97.0870
*   38.247100000, 114.349400000,    200.0000,6,1.3387,1.2245,1.8143,1.9620,-96.9697
0,1,   1089.3483,-97.1413
0,2,   1116.0950,-97.3520
0,3,    951.5445,-95.9665
0,4,   1150.1996,-97.6134
0,5,   1023.5523,-96.6001
0,6,   1089.8381,-97.1452
*   38.247200000, 114.348400000,    200.0000,6,1.3461,1.2510,1.8377,1.9837,-96.9346
0,1,   1078.6667,-97.0557
0,2,   1168.9343,-97.7537
0,3,   1033.0555,-96.6804
0,4,   1154.6007,-97.6466
0,5,    951.9349,-95.9701
0,6,   1011.9618,-96.5012
*   38.247200000, 114.348500000,    200.0000,6,1.3454,1.2481,1.8352,1.9813,-96.9371
0,1,   1078.3250,-97.0529
0,2,   1162.9872,-97.7094
0,3,   1025.3312,-96.6152
0,4,   1154.2814,-97.6442
0,5,    959.4817,-96.0387
0,6,   1019.0642,-96.5620
*   38.247200000, 114.348600000,    200.0000,6,1.3448,1.2451,1.8327,1.9789,-96.9395
0,1,   1078.0542,-97.0507
0,2,   1157.0757,-97.6652
0,3,   1017.6236,-96.5497
0,4,   1154.0283,-97.6423
0,5,    967.0488,-96.1069
0,6,   1026.1921,-96.6225
*   38.247200000, 114.348700000,    200.0000,6,1.3443,1.2422,1.8304,1.9767,-96.9421
0,1,   1077.8545,-97.0491
0,2,   1151.2005,-97.6209
0,3,   1009.9331,-96.4838
0,4,   1153.8417,-97.6409
0,5,    974.6358,-96.1748
0,6,   1033.3450,-96.6828
*   38.247200000, 114.348800000,    200.0000,6,1.3439,1.2393,1.8281,1.9746,-96.9446
0,1,   1077.7258,-97.0481
0,2,   1145.3621,-97.5768
0,3,   1002.2600,-96.4175
0,4,   1153.7214,-97.6399
0,5,    982.2423,-96.2423
0,6,   1040.5224,-96.7430
*   38.247200000, 114.348900000,    200.0000,6,1.3436,1.2364,1.8259,1.9725,-96.9472
0,1,   1077.6682,-97.0476
0,2,   1139.5610,-97.5327
0,3,    994.6048,-96.3509
0,4,   1153.6676,-97.6395
0,5,    989.8677,-96.3095
0,6,   1047.7237,-96.8029
*   38.247200000, 114.349000000,    200.0000,6,1.3434,1.2335,1.8238,1.9705,-96.9498
0,1,   1077.6817,-97.0477
0,2,   1133.7978,-97.4886
0,3,    986.9678,-96.2840
0,4,   1153.6802,-97.6396
0,5,    997.5116,-96.3763
0,6,   1054.9485,-96.8626
*   38.247200000, 114.349100000,    200.0000,6,1.3433,1.2306,1.8218,1.9686,-96.9525
0,1,   1077.7663,-97.0484
0,2,   1128.0731,-97.4447
0,3,    979.3496,-96.2167
0,4,   1153.7593,-97.6402
0,5,   1005.1737,-96.4427
0,6,   1062.1963,-96.9220
*   38.247200000, 114.349200000,    200.0000,6,1.3432,1.2277,1.8198,1.9668,-96.9552
0,1,   1077.9220,-97.0497
0,2,   1122.3875,-97.4008
0,3,    971.7505,-96.1490
0,4,   1153.9048,-97.6413
0,5,   1012.8534,-96.5089
0,6,   1069.4667,-96.9813
*   38.247200000, 114.349300000,    200.0000,6,1.3433,1.2249,1.8179,1.9651,-96.9579
0,1,   1078.1487,-97.0515
0,2,   1116.7415,-97.3570
0,3,    964.1709,-96.0810
0,4,   1154.1167,-97.6429
0,5,   1020.5505,-96.5746
0,6,   1076.7591,-97.0403
*   38.247200000, 114.349400000,    200.0000,6,1.3434,1.2220,1.8161,1.9634,-96.9607
0,1,   1078.4465,-97.0539
0,2,   1111.1358,-97.3133
0,3,    956.6115,-96.0126
0,4,   1154.3949,-97.6450
0,5,   1028.2645,-96.6400
0,6,   1084.0732,-97.0991
*   38.247300000, 114.348400000,    200.0000,6,1.3510,1.2489,1.8398,1.9854,-96.9254
0,1,   1067.7713,-96.9675
0,2,   1164.3060,-97.7193
0,3,   1037.8432,-96.7206
0,4,   1158.8864,-97.6787
0,5,    957.1286,-96.0173
0,6,   1005.8732,-96.4488
*   38.247300000, 114.348500000,    200.0000,6,1.3503,1.2459,1.8373,1.9830,-96.9278
0,1,   1067.4261,-96.9647
0,2,   1158.3351,-97.6746
0,3,   1030.1549,-96.6560
0,4,   1158.5682,-97.6764
0,5,    964.6348,-96.0852
0,6,   1013.0183,-96.5103
*   38.247300000, 114.348600000,    200.0000,6,1.3497,1.2430,1.8349,1.9806,-96.9304
0,1,   1067.1525,-96.9625
0,2,   1152.3999,-97.6300
0,3,   1022.4836,-96.5911
0,4,   1158.3161,-97.6745
0,5,    972.1618,-96.1527
0,6,   1020.1884,-96.5715
*   38.247300000, 114.348700000,    200.0000,6,1.3492,1.2400,1.8325,1.9784,-96.9329
0,1,   1066.9508,-96.9608
0,2,   1146.5007,-97.5854
0,3,   1014.8299,-96.5258
0,4,   1158.1302,-97.6731
0,5,    979.7092,-96.2199
0,6,   1027.3831,-96.6326
*   38.247300000, 114.348800000,    200.0000,6,1.3488,1.2371,1.8302,1.9762,-96.9355
0,1,   1066.8208,-96.9598
0,2,   1140.6382,-97.5409
0,3,   1007.1942,-96.4602
0,4,   1158.0104,-97.6722
0,5,    987.2765,-96.2867
0,6,   1034.6018,-96.6934
*   38.247300000, 114.348900000,    200.0000,6,1.3485,1.2341,1.8280,1.9742,-96.9381
0,1,   1066.7626,-96.9593
0,2,   1134.8129,-97.4964
0,3,    999.5768,-96.3943
0,4,   1157.9568,-97.6718
0,5,    994.8633,-96.3532
0,6,   1041.8441,-96.7540
*   38.247300000, 114.349000000,    200.0000,6,1.3483,1.2312,1.8259,1.9722,-96.9408
0,1,   1066.7762,-96.9594
0,2,   1129.0255,-97.4520
0,3,    991.9781,-96.3280
0,4,   1157.9693,-97.6719
0,5,   1002.4692,-96.4193
0,6,   1049.1094,-96.8143
*   38.247300000, 114.349100000,    200.0000,6,1.3481,1.2283,1.8238,1.9703,-96.9435
0,1,   1066.8617,-96.9601
0,2,   1123.2765,-97.4077
0,3,    984.3986,-96.2613
0,4,   1158.0481,-97.6725
0,5,   1010.0936,-96.4852
0,6,   1056.3972,-96.8745
*   38.247300000, 114.349200000,    200.0000,6,1.3481,1.2254,1.8218,1.9684,-96.9463
0,1,   1067.0190,-96.9614
0,2,   1117.5665,-97.3634
0,3,    976.8388,-96.1944
0,4,   1158.1930,-97.6735
0,5,   1017.7363,-96.5506
0,6,   1063.7072,-96.9344
*   38.247300000, 114.349300000,    200.0000,6,1.3481,1.2225,1.8199,1.9667,-96.9491
0,1,   1067.2480,-96.9632
0,2,   1111.8961,-97.3192
0,3,    969.2991,-96.1271
0,4,   1158.4041,-97.6751
0,5,   1025.3967,-96.6158
0,6,   1071.0388,-96.9940
*   38.247300000, 114.349400000,    200.0000,6,1.3483,1.2197,1.8181,1.9651,-96.9519
0,1,   1067.5488,-96.9657
0,2,   1106.2659,-97.2751
0,3,    961.7800,-96.0594
0,4,   1158.6813,-97.6772
0,5,   1033.0745,-96.6806
0,6,   1078.3917,-97.0535
*   38.247400000, 114.348400000,    200.0000,6,1.3560,1.2468,1.8421,1.9873,-96.9164
0,1,   1056.8801,-96.8784
0,2,   1159.7655,-97.6853
0,3,   1042.7272,-96.7613
0,4,   1163.2622,-97.7115
0,5,    962.4224,-96.0652
0,6,    999.8708,-96.3968
*   38.247400000, 114.348500000,    200.0000,6,1.3553,1.2439,1.8396,1.9849,-96.9190
0,1,   1056.5314,-96.8756
0,2,   1153.7712,-97.6403
0,3,   1035.0751,-96.6974
0,4,   1162.9453,-97.7091
0,5,    969.8875,-96.1324
0,6,   1007.0585,-96.4590
*   38.247400000, 114.348600000,    200.0000,6,1.3547,1.2409,1.8372,1.9825,-96.9215
0,1,   1056.2550,-96.8733
0,2,   1147.8123,-97.5953
0,3,   1027.4406,-96.6331
0,4,   1162.6941,-97.7072
0,5,    977.3741,-96.1991
0,6,   1014.2707,-96.5210
*   38.247400000, 114.348700000,    200.0000,6,1.3542,1.2379,1.8348,1.9803,-96.9241
0,1,   1056.0511,-96.8716
0,2,   1141.8894,-97.5504
0,3,   1019.8241,-96.5684
0,4,   1162.5089,-97.7059
0,5,    984.8815,-96.2656
0,6,   1021.5071,-96.5828
*   38.247400000, 114.348800000,    200.0000,6,1.3538,1.2350,1.8325,1.9781,-96.9268
0,1,   1055.9198,-96.8705
0,2,   1136.0031,-97.5055
0,3,   1012.2261,-96.5035
0,4,   1162.3895,-97.7050
0,5,    992.4094,-96.3317
0,6,   1028.7670,-96.6443
*   38.247400000, 114.348900000,    200.0000,6,1.3535,1.2320,1.8303,1.9761,-96.9294
0,1,   1055.8610,-96.8701
0,2,   1130.1540,-97.4607
0,3,   1004.6468,-96.4382
0,4,   1162.3361,-97.7046
0,5,    999.9573,-96.3976
0,6,   1036.0500,-96.7055
*   38.247400000, 114.349000000,    200.0000,6,1.3533,1.2291,1.8281,1.9741,-96.9322
0,1,   1055.8748,-96.8702
0,2,   1124.3426,-97.4159
0,3,    997.0868,-96.3726
0,4,   1162.3486,-97.7047
0,5,   1007.5247,-96.4630
0,6,   1043.3557,-96.7666
*   38.247400000, 114.349100000,    200.0000,6,1.3531,1.2262,1.8260,1.9721,-96.9349
0,1,   1055.9612,-96.8709
0,2,   1118.5695,-97.3712
0,3,    989.5465,-96.3067
0,4,   1162.4271,-97.7052
0,5,   1015.1111,-96.5282
0,6,   1050.6834,-96.8274
*   38.247400000, 114.349200000,    200.0000,6,1.3531,1.2232,1.8240,1.9703,-96.9377
0,1,   1056.1201,-96.8722
0,2,   1112.8354,-97.3265
0,3,    982.0263,-96.2404
0,4,   1162.5715,-97.7063
0,5,   1022.7163,-96.5930
0,6,   1058.0329,-96.8879
*   38.247400000, 114.349300000,    200.0000,6,1.3531,1.2203,1.8221,1.9686,-96.9406
0,1,   1056.3515,-96.8741
0,2,   1107.1407,-97.2820
0,3,    974.5267,-96.1738
0,4,   1162.7818,-97.7079
0,5,   1030.3396,-96.6575
0,6,   1065.4035,-96.9482
*   38.247400000, 114.349400000,    200.0000,6,1.3532,1.2174,1.8203,1.9670,-96.9435
0,1,   1056.6554,-96.8766
0,2,   1101.4862,-97.2375
0,3,    967.0482,-96.1069
0,4,   1163.0580,-97.7100
0,5,   1037.9808,-96.7217
0,6,   1072.7950,-97.0083
*   38.247500000, 114.348400000,    200.0000,6,1.3612,1.2450,1.8447,1.9894,-96.9078
0,1,   1045.9934,-96.7885
0,2,   1155.3138,-97.6519
0,3,   1047.7060,-96.8027
0,4,   1167.7272,-97.7448
0,5,    967.8145,-96.1138
0,6,    993.9561,-96.3453
*   38.247500000, 114.348500000,    200.0000,6,1.3605,1.2420,1.8421,1.9870,-96.9104
0,1,   1045.6410,-96.7856
0,2,   1149.2963,-97.6066
0,3,   1040.0905,-96.7393
0,4,   1167.4115,-97.7424
0,5,    975.2384,-96.1801
0,6,   1001.1862,-96.4082
*   38.247500000, 114.348600000,    200.0000,6,1.3599,1.2390,1.8397,1.9847,-96.9130
0,1,   1045.3617,-96.7833
0,2,   1143.3141,-97.5612
0,3,   1032.4931,-96.6757
0,4,   1167.1613,-97.7405
0,5,    982.6841,-96.2462
0,6,   1008.4405,-96.4709
*   38.247500000, 114.348700000,    200.0000,6,1.3594,1.2360,1.8373,1.9824,-96.9156
0,1,   1045.1558,-96.7815
0,2,   1137.3678,-97.5159
0,3,   1024.9142,-96.6117
0,4,   1166.9767,-97.7392
0,5,    990.1513,-96.3120
0,6,   1015.7183,-96.5334
*   38.247500000, 114.348800000,    200.0000,6,1.3589,1.2330,1.8350,1.9803,-96.9183
0,1,   1045.0231,-96.7804
0,2,   1131.4580,-97.4707
0,3,   1017.3542,-96.5474
0,4,   1166.8579,-97.7383
0,5,    997.6394,-96.3774
0,6,   1023.0194,-96.5956
*   38.247500000, 114.348900000,    200.0000,6,1.3586,1.2301,1.8327,1.9782,-96.9210
0,1,   1044.9637,-96.7800
0,2,   1125.5853,-97.4255
0,3,   1009.8134,-96.4827
0,4,   1166.8046,-97.7379
0,5,   1005.1480,-96.4425
0,6,   1030.3430,-96.6576
*   38.247500000, 114.349000000,    200.0000,6,1.3583,1.2271,1.8305,1.9762,-96.9238
0,1,   1044.9776,-96.7801
0,2,   1119.7502,-97.3803
0,3,   1002.2924,-96.4178
0,4,   1166.8171,-97.7380
0,5,   1012.6766,-96.5073
0,6,   1037.6888,-96.7193
*   38.247500000, 114.349100000,    200.0000,6,1.3582,1.2242,1.8285,1.9743,-96.9266
0,1,   1045.0648,-96.7808
0,2,   1113.9533,-97.3353
0,3,    994.7915,-96.3526
0,4,   1166.8953,-97.7386
0,5,   1020.2247,-96.5718
0,6,   1045.0563,-96.7807
*   38.247500000, 114.349200000,    200.0000,6,1.3581,1.2212,1.8264,1.9724,-96.9295
0,1,   1045.2254,-96.7821
0,2,   1108.1953,-97.2903
0,3,    987.3113,-96.2870
0,4,   1167.0391,-97.7396
0,5,   1027.7920,-96.6360
0,6,   1052.4450,-96.8419
*   38.247500000, 114.349300000,    200.0000,6,1.3581,1.2183,1.8245,1.9707,-96.9324
0,1,   1045.4592,-96.7841
0,2,   1102.4767,-97.2453
0,3,    979.8522,-96.2211
0,4,   1167.2486,-97.7412
0,5,   1035.3780,-96.6999
0,6,   1059.8545,-96.9029
*   38.247500000, 114.349400000,    200.0000,6,1.3583,1.2154,1.8226,1.9690,-96.9354
0,1,   1045.7663,-96.7866
0,2,   1096.7981,-97.2005
0,3,    972.4147,-96.1550
0,4,   1167.5237,-97.7432
0,5,   1042.9823,-96.7635
0,6,   1067.2844,-96.9635
*   38.247600000, 114.348400000,    200.0000,6,1.3664,1.2432,1.8474,1.9918,-96.8995
0,1,   1035.1112,-96.6977
0,2,   1150.9520,-97.6191
0,3,   1052.7783,-96.8447
0,4,   1172.2804,-97.7786
0,5,    973.3033,-96.1629
0,6,    988.1307,-96.2942
*   38.247600000, 114.348500000,    200.0000,6,1.3657,1.2402,1.8448,1.9894,-96.9021
0,1,   1034.7551,-96.6947
0,2,   1144.9116,-97.5734
0,3,   1045.1998,-96.7819
0,4,   1171.9658,-97.7762
0,5,    980.6857,-96.2285
0,6,    995.4031,-96.3579
*   38.247600000, 114.348600000,    200.0000,6,1.3651,1.2372,1.8423,1.9870,-96.9047
0,1,   1034.4729,-96.6923
0,2,   1138.9063,-97.5277
0,3,   1037.6398,-96.7189
0,4,   1171.7166,-97.7744
0,5,    988.0904,-96.2939
0,6,   1002.6992,-96.4213
*   38.247600000, 114.348700000,    200.0000,6,1.3646,1.2342,1.8399,1.9848,-96.9074
0,1,   1034.2647,-96.6906
0,2,   1132.9369,-97.4820
0,3,   1030.0988,-96.6555
0,4,   1171.5328,-97.7730
0,5,    995.5170,-96.3589
0,6,   1010.0184,-96.4845
*   38.247600000, 114.348800000,    200.0000,6,1.3641,1.2312,1.8376,1.9826,-96.9102
0,1,   1034.1306,-96.6894
0,2,   1127.0039,-97.4364
0,3,   1022.5771,-96.5918
0,4,   1171.4144,-97.7721
0,5,   1002.9650,-96.4236
0,6,   1017.3603,-96.5474
*   38.247600000, 114.348900000,    200.0000,6,1.3638,1.2282,1.8353,1.9805,-96.9129
0,1,   1034.0706,-96.6889
0,2,   1121.1079,-97.3909
0,3,   1015.0751,-96.5279
0,4,   1171.3613,-97.7717
0,5,   1010.4340,-96.4881
0,6,   1024.7244,-96.6101
*   38.247600000, 114.349000000,    200.0000,6,1.3635,1.2253,1.8332,1.9785,-96.9158
0,1,   1034.0847,-96.6890
0,2,   1115.2493,-97.3454
0,3,   1007.5934,-96.4636
0,4,   1171.3738,-97.7718
0,5,   1017.9235,-96.5522
0,6,   1032.1102,-96.6724
*   38.247600000, 114.349100000,    200.0000,6,1.3634,1.2223,1.8311,1.9766,-96.9186
0,1,   1034.1729,-96.6898
0,2,   1109.4290,-97.2999
0,3,   1000.1323,-96.3991
0,4,   1171.4516,-97.7724
0,5,   1025.4330,-96.6161
0,6,   1039.5172,-96.7346
*   38.247600000, 114.349200000,    200.0000,6,1.3633,1.2193,1.8290,1.9748,-96.9216
0,1,   1034.3351,-96.6912
0,2,   1103.6473,-97.2545
0,3,    992.6923,-96.3342
0,4,   1171.5949,-97.7735
0,5,   1032.9621,-96.6796
0,6,   1046.9450,-96.7964
*   38.247600000, 114.349300000,    200.0000,6,1.3633,1.2164,1.8271,1.9730,-96.9245
0,1,   1034.5714,-96.6931
0,2,   1097.9050,-97.2092
0,3,    985.2740,-96.2691
0,4,   1171.8036,-97.7750
0,5,   1040.5104,-96.7429
0,6,   1054.3932,-96.8580
*   38.247600000, 114.349400000,    200.0000,6,1.3634,1.2134,1.8252,1.9714,-96.9276
0,1,   1034.8817,-96.6957
0,2,   1092.2027,-97.1640
0,3,    977.8777,-96.2036
0,4,   1172.0776,-97.7771
0,5,   1048.0775,-96.8058
0,6,   1061.8613,-96.9193
*   38.247700000, 114.348400000,    200.0000,6,1.3718,1.2416,1.8502,1.9944,-96.8915
0,1,   1024.2337,-96.6059
0,2,   1146.6811,-97.5868
0,3,   1057.9427,-96.8872
0,4,   1176.9206,-97.8129
0,5,    978.8873,-96.2126
0,6,    982.3962,-96.2437
*   38.247700000, 114.348500000,    200.0000,6,1.3710,1.2386,1.8477,1.9919,-96.8941
0,1,   1023.8738,-96.6029
0,2,   1140.6180,-97.5407
0,3,   1050.4015,-96.8250
0,4,   1176.6073,-97.8106
0,5,    986.2278,-96.2775
0,6,    989.7108,-96.3081
*   38.247700000, 114.348600000,    200.0000,6,1.3704,1.2356,1.8452,1.9896,-96.8968
0,1,   1023.5886,-96.6004
0,2,   1134.5901,-97.4947
0,3,   1042.8793,-96.7626
0,4,   1176.3591,-97.8087
0,5,    993.5912,-96.3421
0,6,    997.0485,-96.3723
*   38.247700000, 114.348700000,    200.0000,6,1.3699,1.2326,1.8428,1.9874,-96.8995
0,1,   1023.3782,-96.5987
0,2,   1128.5979,-97.4487
0,3,   1035.3764,-96.6999
0,4,   1176.1759,-97.8074
0,5,   1000.9770,-96.4064
0,6,   1004.4089,-96.4361
*   38.247700000, 114.348800000,    200.0000,6,1.3694,1.2296,1.8404,1.9852,-96.9023
0,1,   1023.2427,-96.5975
0,2,   1122.6419,-97.4028
0,3,   1027.8933,-96.6369
0,4,   1176.0580,-97.8065
0,5,   1008.3847,-96.4705
0,6,   1011.7915,-96.4997
*   38.247700000, 114.348900000,    200.0000,6,1.3691,1.2266,1.8382,1.9831,-96.9051
0,1,   1023.1820,-96.5970
0,2,   1116.7228,-97.3568
0,3,   1020.4305,-96.5736
0,4,   1176.0052,-97.8061
0,5,   1015.8139,-96.5342
0,6,   1019.1958,-96.5631
*   38.247700000, 114.349000000,    200.0000,6,1.3688,1.2236,1.8360,1.9811,-96.9080
0,1,   1023.1963,-96.5971
0,2,   1110.8412,-97.3110
0,3,   1012.9883,-96.5100
0,4,   1176.0176,-97.8062
0,5,   1023.2639,-96.5977
0,6,   1026.6213,-96.6261
*   38.247700000, 114.349100000,    200.0000,6,1.3687,1.2206,1.8338,1.9791,-96.9110
0,1,   1023.2854,-96.5979
0,2,   1104.9976,-97.2652
0,3,   1005.5672,-96.4461
0,4,   1176.0951,-97.8068
0,5,   1030.7345,-96.6609
0,6,   1034.0677,-96.6889
*   38.247700000, 114.349200000,    200.0000,6,1.3686,1.2176,1.8318,1.9773,-96.9139
0,1,   1023.4494,-96.5993
0,2,   1099.1927,-97.2194
0,3,    998.1678,-96.3820
0,4,   1176.2379,-97.8078
0,5,   1038.2252,-96.7238
0,6,   1041.5343,-96.7514
*   38.247700000, 114.349300000,    200.0000,6,1.3686,1.2146,1.8298,1.9756,-96.9170
0,1,   1023.6882,-96.6013
0,2,   1093.4270,-97.1737
0,3,    990.7905,-96.3176
0,4,   1176.4457,-97.8094
0,5,   1045.7355,-96.7864
0,6,   1049.0209,-96.8136
*   38.247700000, 114.349400000,    200.0000,6,1.3687,1.2116,1.8279,1.9739,-96.9201
0,1,   1024.0017,-96.6039
0,2,   1087.7012,-97.1281
0,3,    983.4357,-96.2528
0,4,   1176.7187,-97.8114
0,5,   1053.2650,-96.8487
0,6,   1056.5269,-96.8755
*   38.247800000, 114.348400000,    200.0000,6,1.3772,1.2401,1.8533,1.9972,-96.8838
0,1,   1013.3610,-96.5132
0,2,   1142.5021,-97.5551
0,3,   1063.1980,-96.9302
0,4,   1181.6469,-97.8477
0,5,    984.5648,-96.2628
0,6,    976.7542,-96.1936
*   38.247800000, 114.348500000,    200.0000,6,1.3765,1.2371,1.8507,1.9947,-96.8864
0,1,   1012.9972,-96.5101
0,2,   1136.4167,-97.5087
0,3,   1055.6944,-96.8687
0,4,   1181.3348,-97.8454
0,5,    991.8632,-96.3270
0,6,    984.1107,-96.2588
*   38.247800000, 114.348600000,    200.0000,6,1.3759,1.2341,1.8482,1.9924,-96.8892
0,1,   1012.7090,-96.5076
0,2,   1130.3664,-97.4623
0,3,   1048.2101,-96.8069
0,4,   1181.0876,-97.8436
0,5,    999.1851,-96.3908
0,6,    991.4898,-96.3237
*   38.247800000, 114.348700000,    200.0000,6,1.3753,1.2310,1.8458,1.9901,-96.8919
0,1,   1012.4964,-96.5058
0,2,   1124.3517,-97.4160
0,3,   1040.7457,-96.7448
0,4,   1180.9052,-97.8422
0,5,   1006.5298,-96.4545
0,6,    998.8912,-96.3883
*   38.247800000, 114.348800000,    200.0000,6,1.3749,1.2280,1.8434,1.9880,-96.8948
0,1,   1012.3594,-96.5046
0,2,   1118.3731,-97.3697
0,3,   1033.3015,-96.6825
0,4,   1180.7877,-97.8414
0,5,   1013.8970,-96.5178
0,6,   1006.3143,-96.4526
*   38.247800000, 114.348900000,    200.0000,6,1.3745,1.2250,1.8412,1.9859,-96.8976
0,1,   1012.2981,-96.5041
0,2,   1112.4313,-97.3234
0,3,   1025.8780,-96.6198
0,4,   1180.7352,-97.8410
0,5,   1021.2860,-96.5809
0,6,   1013.7586,-96.5166
*   38.247800000, 114.349000000,    200.0000,6,1.3742,1.2220,1.8389,1.9838,-96.9006
0,1,   1012.3125,-96.5042
0,2,   1106.5269,-97.2772
0,3,   1018.4756,-96.5569
0,4,   1180.7475,-97.8411
0,5,   1028.6964,-96.6437
0,6,   1021.2236,-96.5803
*   38.247800000, 114.349100000,    200.0000,6,1.3740,1.2190,1.8368,1.9819,-96.9036
0,1,   1012.4025,-96.5050
0,2,   1100.6604,-97.2310
0,3,   1011.0949,-96.4938
0,4,   1180.8247,-97.8416
0,5,   1036.1279,-96.7062
0,6,   1028.7090,-96.6438
*   38.247800000, 114.349200000,    200.0000,6,1.3740,1.2160,1.8347,1.9801,-96.9066
0,1,   1012.5683,-96.5064
0,2,   1094.8325,-97.1849
0,3,   1003.7362,-96.4303
0,4,   1180.9669,-97.8427
0,5,   1043.5798,-96.7684
0,6,   1036.2143,-96.7069
*   38.247800000, 114.349300000,    200.0000,6,1.3740,1.2130,1.8328,1.9783,-96.9097
0,1,   1012.8096,-96.5085
0,2,   1089.0437,-97.1388
0,3,    996.4001,-96.3666
0,4,   1181.1739,-97.8442
0,5,   1051.0518,-96.8304
0,6,   1043.7390,-96.7698
*   38.247800000, 114.349400000,    200.0000,6,1.3741,1.2100,1.8309,1.9767,-96.9129
0,1,   1013.1266,-96.5112
0,2,   1083.2948,-97.0929
0,3,    989.0870,-96.3026
0,4,   1181.4458,-97.8462
0,5,   1058.5435,-96.8921
0,6,   1051.2828,-96.8323
*   38.247900000, 114.348400000,    200.0000,6,1.3828,1.2388,1.8565,2.0002,-96.8763
0,1,   1002.4933,-96.4196
0,2,   1138.4160,-97.5239
0,3,   1068.5428,-96.9738
0,4,   1186.4582,-97.8830
0,5,    990.3341,-96.3136
0,6,    971.2063,-96.1442
*   38.247900000, 114.348500000,    200.0000,6,1.3820,1.2357,1.8539,1.9977,-96.8790
0,1,   1002.1256,-96.4164
0,2,   1132.3086,-97.4772
0,3,   1061.0769,-96.9129
0,4,   1186.1474,-97.8807
0,5,    997.5903,-96.3770
0,6,    978.6045,-96.2101
*   38.247900000, 114.348600000,    200.0000,6,1.3814,1.2327,1.8514,1.9954,-96.8818
0,1,   1001.8342,-96.4138
0,2,   1126.2363,-97.4305
0,3,   1053.6309,-96.8517
0,4,   1185.9012,-97.8789
0,5,   1004.8705,-96.4401
0,6,    986.0248,-96.2757
*   38.247900000, 114.348700000,    200.0000,6,1.3808,1.2296,1.8490,1.9931,-96.8846
0,1,   1001.6193,-96.4120
0,2,   1120.1994,-97.3838
0,3,   1046.2052,-96.7903
0,4,   1185.7196,-97.8776
0,5,   1012.1740,-96.5030
0,6,    993.4669,-96.3410
*   38.247900000, 114.348800000,    200.0000,6,1.3804,1.2266,1.8466,1.9909,-96.8875
0,1,   1001.4808,-96.4108
0,2,   1114.1985,-97.3372
0,3,   1038.8001,-96.7286
0,4,   1185.6026,-97.8767
0,5,   1019.5003,-96.5657
0,6,   1000.9302,-96.4060
*   38.247900000, 114.348900000,    200.0000,6,1.3800,1.2236,1.8443,1.9888,-96.8904
0,1,   1001.4189,-96.4102
0,2,   1108.2344,-97.2906
0,3,   1031.4162,-96.6666
0,4,   1185.5502,-97.8763
0,5,   1026.8490,-96.6281
0,6,   1008.4142,-96.4707
*   38.247900000, 114.349000000,    200.0000,6,1.3797,1.2205,1.8421,1.9868,-96.8934
0,1,   1001.4334,-96.4104
0,2,   1102.3075,-97.2440
0,3,   1024.0539,-96.6044
0,4,   1185.5625,-97.8764
0,5,   1034.2196,-96.6902
0,6,   1015.9186,-96.5351
*   38.247900000, 114.349100000,    200.0000,6,1.3796,1.2175,1.8400,1.9849,-96.8965
0,1,   1001.5244,-96.4112
0,2,   1096.4184,-97.1975
0,3,   1016.7136,-96.5419
0,4,   1185.6394,-97.8770
0,5,   1041.6116,-96.7520
0,6,   1023.4427,-96.5992
*   38.247900000, 114.349200000,    200.0000,6,1.3795,1.2145,1.8379,1.9830,-96.8996
0,1,   1001.6920,-96.4126
0,2,   1090.5678,-97.1510
0,3,   1009.3959,-96.4792
0,4,   1185.7810,-97.8780
0,5,   1049.0245,-96.8136
0,6,   1030.9863,-96.6630
*   38.247900000, 114.349300000,    200.0000,6,1.3794,1.2114,1.8359,1.9813,-96.9027
0,1,   1001.9360,-96.4147
0,2,   1084.7563,-97.1046
0,3,   1002.1012,-96.4162
0,4,   1185.9872,-97.8795
0,5,   1056.4580,-96.8750
0,6,   1038.5489,-96.7265
*   38.247900000, 114.349400000,    200.0000,6,1.3795,1.2084,1.8340,1.9796,-96.9060
0,1,   1002.2563,-96.4175
0,2,   1078.9846,-97.0582
0,3,    994.8301,-96.3529
0,4,   1186.2579,-97.8815
0,5,   1063.9116,-96.9360
0,6,   1046.1301,-96.7896
*   38.248000000, 114.348400000,    200.0000,6,1.3884,1.2375,1.8599,2.0034,-96.8692
0,1,    991.6308,-96.3249
0,2,   1134.4238,-97.4934
0,3,   1073.9757,-97.0178
0,4,   1191.3536,-97.9187
0,5,    996.1937,-96.3648
0,6,    965.7542,-96.0953
*   38.248000000, 114.348500000,    200.0000,6,1.3877,1.2345,1.8573,2.0009,-96.8719
0,1,    991.2591,-96.3217
0,2,   1128.2948,-97.4464
0,3,   1066.5478,-96.9575
0,4,   1191.0441,-97.9165
0,5,   1003.4076,-96.4275
0,6,    973.1938,-96.1619
*   38.248000000, 114.348600000,    200.0000,6,1.3870,1.2314,1.8548,1.9986,-96.8747
0,1,    990.9645,-96.3191
0,2,   1122.2007,-97.3993
0,3,   1059.1403,-96.8970
0,4,   1190.7989,-97.9147
0,5,   1010.6458,-96.4899
0,6,    980.6550,-96.2283
*   38.248000000, 114.348700000,    200.0000,6,1.3865,1.2284,1.8524,1.9963,-96.8776
0,1,    990.7472,-96.3172
0,2,   1116.1420,-97.3523
0,3,   1051.7535,-96.8362
0,4,   1190.6180,-97.9134
0,5,   1017.9078,-96.5521
0,6,    988.1375,-96.2943
*   38.248000000, 114.348800000,    200.0000,6,1.3860,1.2253,1.8500,1.9941,-96.8805
0,1,    990.6072,-96.3160
0,2,   1110.1193,-97.3053
0,3,   1044.3878,-96.7752
0,4,   1190.5015,-97.9125
0,5,   1025.1932,-96.6140
0,6,    995.6408,-96.3600
*   38.248000000, 114.348900000,    200.0000,6,1.3856,1.2222,1.8477,1.9920,-96.8835
0,1,    990.5446,-96.3154
0,2,   1104.1331,-97.2584
0,3,   1037.0437,-96.7139
0,4,   1190.4493,-97.9121
0,5,   1032.5013,-96.6757
0,6,   1003.1643,-96.4254
*   38.248000000, 114.349000000,    200.0000,6,1.3854,1.2192,1.8454,1.9900,-96.8865
0,1,    990.5593,-96.3155
0,2,   1098.1841,-97.2114
0,3,   1029.7216,-96.6523
0,4,   1190.4615,-97.9122
0,5,   1039.8318,-96.7372
0,6,   1010.7076,-96.4904
*   38.248000000, 114.349100000,    200.0000,6,1.3852,1.2161,1.8433,1.9881,-96.8896
0,1,    990.6513,-96.3163
0,2,   1092.2728,-97.1645
0,3,   1022.4220,-96.5905
0,4,   1190.5382,-97.9128
0,5,   1047.1842,-96.7984
0,6,   1018.2702,-96.5552
*   38.248000000, 114.349200000,    200.0000,6,1.3851,1.2131,1.8412,1.9862,-96.8928
0,1,    990.8207,-96.3178
0,2,   1086.3999,-97.1177
0,3,   1015.1455,-96.5285
0,4,   1190.6791,-97.9138
0,5,   1054.5580,-96.8593
0,6,   1025.8519,-96.6196
*   38.248000000, 114.349300000,    200.0000,6,1.3850,1.2100,1.8392,1.9845,-96.8960
0,1,    991.0673,-96.3200
0,2,   1080.5660,-97.0710
0,3,   1007.8924,-96.4662
0,4,   1190.8845,-97.9153
0,5,   1061.9528,-96.9200
0,6,   1033.4520,-96.6837
*   38.248000000, 114.349400000,    200.0000,6,1.3851,1.2070,1.8372,1.9828,-96.8993
0,1,    991.3912,-96.3228
0,2,   1074.7717,-97.0243
0,3,   1000.6634,-96.4037
0,4,   1191.1541,-97.9173
0,5,   1069.3680,-96.9805
0,6,   1041.0703,-96.7475
*   38.248100000, 114.348400000,    200.0000,6,1.3942,1.2364,1.8635,2.0068,-96.8623
0,1,    980.7736,-96.2293
0,2,   1130.5265,-97.4635
0,3,   1079.4954,-97.0623
0,4,   1196.3319,-97.9550
0,5,   1002.1420,-96.4165
0,6,    960.3994,-96.0470
*   38.248100000, 114.348500000,    200.0000,6,1.3934,1.2334,1.8609,2.0043,-96.8651
0,1,    980.3978,-96.2260
0,2,   1124.3763,-97.4162
0,3,   1072.1058,-97.0027
0,4,   1196.0237,-97.9527
0,5,   1009.3134,-96.4784
0,6,    967.8801,-96.1144
*   38.248100000, 114.348600000,    200.0000,6,1.3928,1.2303,1.8583,2.0020,-96.8679
0,1,    980.0999,-96.2233
0,2,   1118.2609,-97.3688
0,3,   1064.7370,-96.9428
0,4,   1195.7795,-97.9509
0,5,   1016.5095,-96.5402
0,6,    975.3820,-96.1814
*   38.248100000, 114.348700000,    200.0000,6,1.3922,1.2272,1.8559,1.9997,-96.8708
0,1,    979.8802,-96.2214
0,2,   1112.1807,-97.3214
0,3,   1057.3892,-96.8826
0,4,   1195.5994,-97.9496
0,5,   1023.7300,-96.6016
0,6,    982.9046,-96.2482
*   38.248100000, 114.348800000,    200.0000,6,1.3918,1.2241,1.8535,1.9975,-96.8738
0,1,    979.7387,-96.2201
0,2,   1106.1364,-97.2741
0,3,   1050.0631,-96.8222
0,4,   1195.4834,-97.9488
0,5,   1030.9742,-96.6629
0,6,    990.4475,-96.3146
*   38.248100000, 114.348900000,    200.0000,6,1.3914,1.2210,1.8512,1.9954,-96.8768
0,1,    979.6753,-96.2196
0,2,   1100.1286,-97.2268
0,3,   1042.7589,-96.7616
0,4,   1195.4314,-97.9484
0,5,   1038.2416,-96.7239
0,6,    998.0101,-96.3806
*   38.248100000, 114.349000000,    200.0000,6,1.3911,1.2180,1.8489,1.9934,-96.8799
0,1,    979.6902,-96.2197
0,2,   1094.1578,-97.1795
0,3,   1035.4773,-96.7007
0,4,   1195.4436,-97.9485
0,5,   1045.5319,-96.7847
0,6,   1005.5921,-96.4464
*   38.248100000, 114.349100000,    200.0000,6,1.3909,1.2149,1.8468,1.9915,-96.8831
0,1,    979.7833,-96.2205
0,2,   1088.2246,-97.1323
0,3,   1028.2186,-96.6396
0,4,   1195.5199,-97.9491
0,5,   1052.8444,-96.8452
0,6,   1013.1929,-96.5118
*   38.248100000, 114.349200000,    200.0000,6,1.3908,1.2118,1.8446,1.9896,-96.8863
0,1,    979.9545,-96.2220
0,2,   1082.3298,-97.0851
0,3,   1020.9834,-96.5783
0,4,   1195.6603,-97.9501
0,5,   1060.1788,-96.9055
0,6,   1020.8123,-96.5768
*   38.248100000, 114.349300000,    200.0000,6,1.3907,1.2088,1.8426,1.9879,-96.8896
0,1,    980.2039,-96.2243
0,2,   1076.4738,-97.0380
0,3,   1013.7721,-96.5167
0,4,   1195.8648,-97.9516
0,5,   1067.5347,-96.9656
0,6,   1028.4496,-96.6416
*   38.248100000, 114.349400000,    200.0000,6,1.3908,1.2057,1.8407,1.9862,-96.8930
0,1,    980.5314,-96.2272
0,2,   1070.6574,-96.9909
0,3,   1006.5853,-96.4549
0,4,   1196.1333,-97.9535
0,5,   1074.9114,-97.0254
0,6,   1036.1047,-96.7060
*   38.248200000, 114.348400000,    200.0000,6,1.4000,1.2354,1.8672,2.0104,-96.8556
0,1,    969.9219,-96.1327
0,2,   1126.7251,-97.4343
0,3,   1085.1005,-97.1073
0,4,   1201.3922,-97.9916
0,5,   1008.1775,-96.4687
0,6,    955.1435,-95.9993
*   38.248200000, 114.348500000,    200.0000,6,1.3993,1.2323,1.8646,2.0079,-96.8585
0,1,    969.5419,-96.1293
0,2,   1120.5541,-97.3866
0,3,   1077.7494,-97.0483
0,4,   1201.0853,-97.9894
0,5,   1015.3062,-96.5299
0,6,    962.6651,-96.0674
*   38.248200000, 114.348600000,    200.0000,6,1.3986,1.2292,1.8621,2.0056,-96.8614
0,1,    969.2407,-96.1266
0,2,   1114.4177,-97.3389
0,3,   1070.4194,-96.9890
0,4,   1200.8422,-97.9876
0,5,   1022.4602,-96.5909
0,6,    970.2073,-96.1352
*   38.248200000, 114.348700000,    200.0000,6,1.3981,1.2262,1.8596,2.0033,-96.8643
0,1,    969.0185,-96.1246
0,2,   1108.3164,-97.2912
0,3,   1063.1110,-96.9295
0,4,   1200.6628,-97.9863
0,5,   1029.6389,-96.6516
0,6,    977.7698,-96.2027
*   38.248200000, 114.348800000,    200.0000,6,1.3976,1.2231,1.8572,2.0011,-96.8673
0,1,    968.8754,-96.1233
0,2,   1102.2509,-97.2435
0,3,   1055.8246,-96.8698
0,4,   1200.5473,-97.9855
0,5,   1036.8418,-96.7122
0,6,    985.3519,-96.2698
*   38.248200000, 114.348900000,    200.0000,6,1.3972,1.2200,1.8549,1.9990,-96.8704
0,1,    968.8114,-96.1227
0,2,   1096.2218,-97.1959
0,3,   1048.5606,-96.8098
0,4,   1200.4955,-97.9851
0,5,   1044.0684,-96.7725
0,6,    992.9534,-96.3365
*   38.248200000, 114.349000000,    200.0000,6,1.3969,1.2169,1.8526,1.9970,-96.8736
0,1,    968.8264,-96.1228
0,2,   1090.2296,-97.1483
0,3,   1041.3195,-96.7496
0,4,   1200.5077,-97.9852
0,5,   1051.3182,-96.8326
0,6,   1000.5736,-96.4029
*   38.248200000, 114.349100000,    200.0000,6,1.3967,1.2138,1.8504,1.9951,-96.8768
0,1,    968.9205,-96.1237
0,2,   1084.2750,-97.1007
0,3,   1034.1018,-96.6892
0,4,   1200.5836,-97.9858
0,5,   1058.5908,-96.8925
0,6,   1008.2123,-96.4690
*   38.248200000, 114.349200000,    200.0000,6,1.3966,1.2107,1.8483,1.9932,-96.8801
0,1,    969.0937,-96.1252
0,2,   1078.3586,-97.0532
0,3,   1026.9081,-96.6286
0,4,   1200.7234,-97.9868
0,5,   1065.8856,-96.9521
0,6,   1015.8690,-96.5347
*   38.248200000, 114.349300000,    200.0000,6,1.3966,1.2076,1.8463,1.9914,-96.8835
0,1,    969.3459,-96.1275
0,2,   1072.4809,-97.0057
0,3,   1019.7387,-96.5677
0,4,   1200.9271,-97.9883
0,5,   1073.2023,-97.0116
0,6,   1023.5432,-96.6001
*   38.248200000, 114.349400000,    200.0000,6,1.3966,1.2045,1.8443,1.9898,-96.8869
0,1,    969.6770,-96.1305
0,2,   1066.6428,-96.9583
0,3,   1012.5943,-96.5066
0,4,   1201.1945,-97.9902
0,5,   1080.5404,-97.0707
0,6,   1031.2347,-96.6651
